[gd_scene load_steps=6 format=3 uid="uid://b37gntp2lvi44"]

[ext_resource type="Script" path="res://scripts/ai_kart.gd" id="1_uo8wq"]
[ext_resource type="PackedScene" uid="uid://beor08ql5gi4" path="res://assets/models/semi.tscn" id="2_i6vpl"]
[ext_resource type="AudioStream" uid="uid://bpth12g2qy4kp" path="res://assets/sound/engine.wav" id="3_6dotx"]
[ext_resource type="Texture2D" uid="uid://c6oj3i2e01ouk" path="res://assets/sprite/frontThin.png" id="5_gdkw7"]

[sub_resource type="CapsuleShape3D" id="CapsuleShape3D_2ywqp"]
radius = 0.247298
height = 2.07166

[node name="Kart" type="Node3D" groups=["ai_kart"]]
script = ExtResource("1_uo8wq")

[node name="Body" parent="." instance=ExtResource("2_i6vpl")]

[node name="Rays" type="Node3D" parent="Body"]
transform = Transform3D(1, 0, 0, 0, 1, 0, 0, 0, 1, 0, 0.66538, -3.25512)

[node name="RayCast3D" type="RayCast3D" parent="Body/Rays"]
transform = Transform3D(0.965926, 0, 0.258819, 0, 1, 0, -0.258819, 0, 0.965926, 0, 0.0655943, 0)
target_position = Vector3(10, 0, 0)
hit_back_faces = false

[node name="RayCast3D2" type="RayCast3D" parent="Body/Rays"]
transform = Transform3D(1, 0, 0, 0, 1, 0, 0, 0, 1, 0, 0.0655943, 0)
target_position = Vector3(10, 0, 0)

[node name="RayCast3D3" type="RayCast3D" parent="Body/Rays"]
transform = Transform3D(0.965926, 0, -0.258819, 0, 1, 0, 0.258819, 0, 0.965926, 0, 0.0655943, 0)
target_position = Vector3(10, 0, 0)

[node name="RayCast3D4" type="RayCast3D" parent="Body/Rays"]
transform = Transform3D(0.707107, 0, -0.707107, 0, 1, 0, 0.707107, 0, 0.707107, 0, 0.0655943, 0)
target_position = Vector3(10, 0, 0)

[node name="RayCast3D5" type="RayCast3D" parent="Body/Rays"]
transform = Transform3D(0.707107, 0, 0.707107, 0, 1, 0, -0.707107, 0, 0.707107, 0, 0.0655943, 0)
target_position = Vector3(10, 0, 0)

[node name="RayCast3D6" type="RayCast3D" parent="Body/Rays"]
transform = Transform3D(-0.965926, 0, -0.258819, 0, 1, 0, 0.258819, 0, -0.965926, 0, 0.0655943, 0)
target_position = Vector3(10, 0, 0)

[node name="RayCast3D7" type="RayCast3D" parent="Body/Rays"]
transform = Transform3D(-1, 0, 8.74228e-08, 0, 1, 0, -8.74228e-08, 0, -1, 0, 0.0655943, 0)
target_position = Vector3(10, 0, 0)

[node name="RayCast3D8" type="RayCast3D" parent="Body/Rays"]
transform = Transform3D(-0.965926, 0, 0.258819, 0, 1, 0, -0.258819, 0, -0.965926, 0, 0.0655943, 0)
target_position = Vector3(10, 0, 0)

[node name="RayCast3D9" type="RayCast3D" parent="Body/Rays"]
transform = Transform3D(-0.707107, 0, 0.707107, 0, 1, 0, -0.707107, 0, -0.707107, 0, 0.0655943, 0)
target_position = Vector3(10, 0, 0)

[node name="RayCast3D10" type="RayCast3D" parent="Body/Rays"]
transform = Transform3D(-0.707107, 0, -0.707107, 0, 1, 0, 0.707107, 0, -0.707107, 0, 0.0655943, 0)
target_position = Vector3(10, 0, 0)

[node name="RayCast3D11" type="RayCast3D" parent="Body/Rays"]
transform = Transform3D(0, 0, 1, 0, 1, 0, -1, 0, 0, 0, 0.0655943, 0)
target_position = Vector3(10, 0, 0)

[node name="RayCast3D15" type="RayCast3D" parent="Body/Rays"]
transform = Transform3D(0.34202, 0, 0.939693, 0, 1, 0, -0.939693, 0, 0.34202, 0, 0.0655943, 0)
target_position = Vector3(10, 0, 0)

[node name="RayCast3D16" type="RayCast3D" parent="Body/Rays"]
transform = Transform3D(-0.422618, 0, 0.906308, 0, 1, 0, -0.906308, 0, -0.422618, 0, 0.0655943, 0)
target_position = Vector3(10, 0, 0)

[node name="AudioStreamPlayer3D2" type="AudioStreamPlayer3D" parent="Body"]
process_mode = 3
transform = Transform3D(1, 0, 0, 0, 1, 0, 0, 0, 1, 0, 0.670486, 0)
stream = ExtResource("3_6dotx")
attenuation_model = 2
volume_db = 40.0
unit_size = 1.0
pitch_scale = 1.21
autoplay = true
max_distance = 35.0
doppler_tracking = 2

[node name="Sprite3D2" type="Sprite3D" parent="Body"]
transform = Transform3D(1.04612, 0, 0, 0, 1.04612, 0, 0, 0, 1.04612, 0, 1.91884, -7.67758)
layers = 3
billboard = 2
texture_filter = 0
texture = ExtResource("5_gdkw7")

[node name="Vehicle" type="CharacterBody3D" parent="."]
collision_layer = 5

[node name="Collision" type="CollisionShape3D" parent="Vehicle"]
transform = Transform3D(1, 0, 0, 0, -4.37114e-08, 1, 0, -1, -4.37114e-08, 0, 0.0732345, 0)
shape = SubResource("CapsuleShape3D_2ywqp")

[node name="GroundRay" type="RayCast3D" parent="."]
transform = Transform3D(1, 0, 0, 0, 1, 0, 0, 0, 1, 0, -0.383039, 0)
target_position = Vector3(0, -2, 0)

[node name="Look" type="Node3D" parent="GroundRay"]
transform = Transform3D(1, 0, 0, 0, 1, 0, 0, 0, 1, 0, 0.383039, 0)

[node name="TerrainRay" type="RayCast3D" parent="."]
transform = Transform3D(1, 0, 0, 0, 1, 0, 0, 0, 1, 0, -0.383039, 0.848834)
target_position = Vector3(0, -1.7, 0)
collision_mask = 2
